BOY1 1 119 138 86 189
BOY2 1 58 96 91 186
BOY3 1 40 73 74 100
BOY4 2 195 33 35 79
BOY5 2 216 112 79 86
BOY6 1 99 119 72 64
BOY7 1 156 44 84 118
BOY8 2 165 79 81 114
BOY9 2 139 75 53 168
BOY10 1 134 133 84 52
BOY11 2 52 32 59 84
BOY12 3 178 114 71 66
BOY13 2 50 77 37 134
BOY14 1 228 24 74 43
BOY15 3 195 134 75 183
BOY16 1 212 42 73 43
BOY17 2 195 25 93 135
BOY18 3 170 107 75 43
BOY19 1 129 68 61 145
BOY20 2 166 147 42 105
BOY21 2 79 144 70 127
BOY22 2 75 137 86 162
BOY23 1 105 30 90 87
BOY24 3 97 141 60 157
BOY25 2 130 45 46 75
BOY26 2 135 115 57 80
BOY27 2 201 100 41 104
BOY28 3 217 148 69 67
BOY29 3 196 135 73 193
BOY30 1 198 71 92 110
BOY31 1 104 33 72 62
BOY32 2 145 84 53 42
BOY33 1 174 42 40 43
BOY34 3 44 68 79 167
BOY35 3 101 93 64 139
BOY36 1 199 84 85 148
BOY37 3 69 84 93 192
BOY38 1 125 142 72 91
BOY39 1 129 65 48 133
BOY40 3 190 119 73 92
BOY41 3 92 141 51 166
BOY42 2 50 144 85 43
BOY43 3 222 107 87 184
BOY44 3 201 94 53 41
BOY45 2 231 62 51 68
BOY46 2 82 83 73 166
BOY47 1 158 96 53 115
BOY48 3 109 71 40 43
BOY49 2 90 129 71 155
BOY50 2 56 74 59 151
BOY51 2 46 119 39 54
BOY52 2 146 127 58 153
BOY53 3 170 41 49 51
BOY54 3 115 76 36 79
BOY55 3 118 111 45 160
BOY56 2 231 126 64 138
BOY57 2 114 102 66 45