GIRL1 2 466 26 73 1
GIRL2 3 339 18 75 1
GIRL3 2 576 29 67 3
GIRL4 1 804 25 98 3
GIRL5 2 354 15 121 1
GIRL6 1 490 22 32 3
GIRL7 1 779 28 114 3
GIRL8 2 725 18 88 3
GIRL9 2 635 23 67 1
GIRL10 2 603 12 96 3
GIRL11 1 703 32 102 1
GIRL12 3 696 10 43 1
GIRL13 3 741 21 124 3
GIRL14 3 701 31 78 3
GIRL15 1 698 16 94 1
GIRL16 3 590 13 118 1
GIRL17 2 359 17 59 2
GIRL18 2 509 13 106 1
GIRL19 2 210 18 75 2
GIRL20 2 703 28 67 1
GIRL21 1 670 28 115 1
GIRL22 2 243 18 90 1
GIRL23 3 780 20 41 1
GIRL24 1 488 32 42 3
GIRL25 1 644 13 58 3
GIRL26 3 431 12 65 3
GIRL27 1 666 18 39 1
GIRL28 1 739 14 82 2
GIRL29 1 442 21 120 1
GIRL30 3 362 26 97 2